# a  alpha_K  alpha_B  alpha_M  alpha_T
4.539992976248485417e-05 1.904623290000000041e-23 4.840926750000000315e-24 0.000000000000000000e+00 0.000000000000000000e+00
4.631892190062901672e-05 2.049879319999999908e-23 5.210119849999999650e-24 0.000000000000000000e+00 0.000000000000000000e+00
4.725651641446822481e-05 2.206108990000000107e-23 5.607204369999999715e-24 0.000000000000000000e+00 0.000000000000000000e+00
4.821308985606114362e-05 2.374131689999999910e-23 6.034262870000000160e-24 0.000000000000000000e+00 0.000000000000000000e+00
4.918902639968925110e-05 2.554827079999999984e-23 6.493531199999999719e-24 0.000000000000000000e+00 0.000000000000000000e+00
5.018471799614704029e-05 2.749150449999999732e-23 6.987437359999999748e-24 0.000000000000000000e+00 0.000000000000000000e+00
5.120056453015544212e-05 2.958117949999999707e-23 7.518564090000000586e-24 0.000000000000000000e+00 0.000000000000000000e+00
5.223702621796123450e-05 3.182807759999999859e-23 8.089651780000000117e-24 0.000000000000000000e+00 0.000000000000000000e+00
5.329441588057707511e-05 3.424387960000000158e-23 8.703669290000000110e-24 0.000000000000000000e+00 0.000000000000000000e+00
5.437320938218523776e-05 3.684112059999999824e-23 9.363802640000000719e-24 0.000000000000000000e+00 0.000000000000000000e+00
5.547383998248156306e-05 3.963340940000000131e-23 1.007351069999999951e-23 0.000000000000000000e+00 0.000000000000000000e+00
5.659674971126915844e-05 4.263521390000000065e-23 1.083647079999999980e-23 0.000000000000000000e+00 0.000000000000000000e+00
5.774238954598433373e-05 4.586187680000000249e-23 1.165658260000000039e-23 0.000000000000000000e+00 0.000000000000000000e+00
5.891121959281551496e-05 4.933001449999999778e-23 1.253806920000000034e-23 0.000000000000000000e+00 0.000000000000000000e+00
6.010370927148938393e-05 5.305766220000000264e-23 1.348551479999999977e-23 0.000000000000000000e+00 0.000000000000000000e+00
6.132033750379653275e-05 5.706375839999999888e-23 1.450373290000000032e-23 0.000000000000000000e+00 0.000000000000000000e+00
6.256159290593378097e-05 6.136905420000000094e-23 1.559799760000000134e-23 0.000000000000000000e+00 0.000000000000000000e+00
6.382797398473970024e-05 6.599533350000000579e-23 1.677384589999999921e-23 0.000000000000000000e+00 0.000000000000000000e+00
6.511998933790256073e-05 7.096646360000000134e-23 1.803734379999999858e-23 0.000000000000000000e+00 0.000000000000000000e+00
6.643822429641189128e-05 7.630749230000000438e-23 1.939485789999999990e-23 0.000000000000000000e+00 0.000000000000000000e+00
6.778307672504082875e-05 8.204553440000000357e-23 2.085327970000000128e-23 0.000000000000000000e+00 0.000000000000000000e+00
6.915515185677392524e-05 8.821035819999999723e-23 2.242017539999999917e-23 0.000000000000000000e+00 0.000000000000000000e+00
7.055500073762079809e-05 9.483214619999999939e-23 2.410321639999999860e-23 0.000000000000000000e+00 0.000000000000000000e+00
7.198318556794640387e-05 1.019454329999999988e-22 2.591118029999999891e-23 0.000000000000000000e+00 0.000000000000000000e+00
7.344027992825923079e-05 1.095848860000000102e-22 2.785287819999999985e-23 0.000000000000000000e+00 0.000000000000000000e+00
7.492686900956980979e-05 1.177901770000000041e-22 2.993839369999999855e-23 0.000000000000000000e+00 0.000000000000000000e+00
7.644354984841221663e-05 1.266016110000000026e-22 3.217797080000000063e-23 0.000000000000000000e+00 0.000000000000000000e+00
7.799093156662298529e-05 1.360632369999999929e-22 3.458280519999999799e-23 0.000000000000000000e+00 0.000000000000000000e+00
7.956963561597354723e-05 1.462234020000000025e-22 3.716518540000000254e-23 0.000000000000000000e+00 0.000000000000000000e+00
8.118029602775476419e-05 1.571310370000000065e-22 3.993754790000000177e-23 0.000000000000000000e+00 0.000000000000000000e+00
8.282355966741284010e-05 1.688421670000000005e-22 4.291413249999999928e-23 0.000000000000000000e+00 0.000000000000000000e+00
8.450008649434114297e-05 1.814136320000000015e-22 4.610938600000000266e-23 0.000000000000000000e+00 0.000000000000000000e+00
8.621063603752201056e-05 1.949083160000000087e-22 4.953929129999999820e-23 0.000000000000000000e+00 0.000000000000000000e+00
8.795572456865796912e-05 2.093920599999999941e-22 5.322058309999999816e-23 0.000000000000000000e+00 0.000000000000000000e+00
8.973613744167881581e-05 2.249369629999999792e-22 5.717158690000000355e-23 0.000000000000000000e+00 0.000000000000000000e+00
9.155258969717279993e-05 2.416194489999999938e-22 6.141172690000000350e-23 0.000000000000000000e+00 0.000000000000000000e+00
9.340581084968576644e-05 2.595203029999999792e-22 6.596153590000000318e-23 0.000000000000000000e+00 0.000000000000000000e+00
9.529654518070609828e-05 2.787279810000000101e-22 7.084349659999999852e-23 0.000000000000000000e+00 0.000000000000000000e+00
9.722555203757872683e-05 2.993362030000000210e-22 7.608142969999999657e-23 0.000000000000000000e+00 0.000000000000000000e+00
9.919360613847058963e-05 3.214452699999999852e-22 8.170082829999999683e-23 0.000000000000000000e+00 0.000000000000000000e+00
1.012014978835091287e-04 3.451611460000000134e-22 8.772862479999999493e-23 0.000000000000000000e+00 0.000000000000000000e+00
1.032500336722188514e-04 3.706013100000000088e-22 9.419467899999999722e-23 0.000000000000000000e+00 0.000000000000000000e+00
1.053400362273835107e-04 3.978857780000000205e-22 1.011294939999999976e-22 0.000000000000000000e+00 0.000000000000000000e+00
1.074723449254639271e-04 4.271473319999999541e-22 1.085668199999999988e-22 0.000000000000000000e+00 0.000000000000000000e+00
1.096479257815753314e-04 4.585247220000000208e-22 1.165419220000000042e-22 0.000000000000000000e+00 0.000000000000000000e+00
1.118674354214415018e-04 4.921717879999999935e-22 1.250939010000000030e-22 0.000000000000000000e+00 0.000000000000000000e+00
1.141318727059151245e-04 5.282455140000000235e-22 1.342626569999999911e-22 0.000000000000000000e+00 0.000000000000000000e+00
1.164421470670679091e-04 5.669196000000000431e-22 1.440923389999999904e-22 0.000000000000000000e+00 0.000000000000000000e+00
1.187991863458309901e-04 6.083802249999999659e-22 1.546302679999999958e-22 0.000000000000000000e+00 0.000000000000000000e+00
1.212039371646297519e-04 6.528192049999999954e-22 1.659251970000000060e-22 0.000000000000000000e+00 0.000000000000000000e+00
1.236573653075617057e-04 7.004487879999999572e-22 1.780310730000000094e-22 0.000000000000000000e+00 0.000000000000000000e+00
1.261604561082698035e-04 7.514934300000000214e-22 1.910049440000000011e-22 0.000000000000000000e+00 0.000000000000000000e+00
1.287142148456673675e-04 8.061930049999999727e-22 2.049077789999999966e-22 0.000000000000000000e+00 0.000000000000000000e+00
1.313196671476733897e-04 8.648038389999999510e-22 2.198047279999999869e-22 0.000000000000000000e+00 0.000000000000000000e+00
1.339778594031191660e-04 9.275998069999999795e-22 2.357653999999999964e-22 0.000000000000000000e+00 0.000000000000000000e+00
1.366898591819953033e-04 9.948735020000000051e-22 2.528641629999999773e-22 0.000000000000000000e+00 0.000000000000000000e+00
1.394567556642027758e-04 1.066937479999999990e-21 2.711804590000000081e-22 0.000000000000000000e+00 0.000000000000000000e+00
1.422798023567155030e-04 1.144125590000000086e-21 2.907991410000000232e-22 0.000000000000000000e+00 0.000000000000000000e+00
1.451598513009888058e-04 1.226799219999999939e-21 3.118120620000000080e-22 0.000000000000000000e+00 0.000000000000000000e+00
1.480981986248216316e-04 1.315329769999999914e-21 3.343136199999999779e-22 0.000000000000000000e+00 0.000000000000000000e+00
1.510960244126929549e-04 1.410133879999999951e-21 3.584097110000000160e-22 0.000000000000000000e+00 0.000000000000000000e+00
1.541545326365282144e-04 1.511634850000000047e-21 3.842079239999999789e-22 0.000000000000000000e+00 0.000000000000000000e+00
1.572749516392316083e-04 1.620307640000000011e-21 4.118289760000000224e-22 0.000000000000000000e+00 0.000000000000000000e+00
1.604585346280072711e-04 1.736648199999999821e-21 4.413989239999999799e-22 0.000000000000000000e+00 0.000000000000000000e+00
1.637065601776661970e-04 1.861171269999999983e-21 4.730485990000000120e-22 0.000000000000000000e+00 0.000000000000000000e+00
1.670203327441210580e-04 1.994454569999999850e-21 5.069248339999999597e-22 0.000000000000000000e+00 0.000000000000000000e+00
1.704011831882753234e-04 2.137092549999999914e-21 5.431787230000000102e-22 0.000000000000000000e+00 0.000000000000000000e+00
1.738504693105170408e-04 2.289726800000000068e-21 5.819733359999999593e-22 0.000000000000000000e+00 0.000000000000000000e+00
1.773695763960319259e-04 2.453051459999999828e-21 6.234850990000000145e-22 0.000000000000000000e+00 0.000000000000000000e+00
1.809600987311630585e-04 2.627788349999999973e-21 6.678974780000000437e-22 0.000000000000000000e+00 0.000000000000000000e+00
1.846231199940097888e-04 2.814727480000000093e-21 7.154112620000000224e-22 0.000000000000000000e+00 0.000000000000000000e+00
1.883602886786702076e-04 3.014689999999999975e-21 7.662351669999999549e-22 0.000000000000000000e+00 0.000000000000000000e+00
1.921731056882969725e-04 3.228561910000000045e-21 8.205943819999999845e-22 0.000000000000000000e+00 0.000000000000000000e+00
1.960631023075478058e-04 3.457301549999999914e-21 8.787324830000000685e-22 0.000000000000000000e+00 0.000000000000000000e+00
2.000318408175725323e-04 3.701918989999999981e-21 9.409062010000000323e-22 0.000000000000000000e+00 0.000000000000000000e+00
2.040809151234485475e-04 3.963475640000000194e-21 1.007385310000000060e-21 0.000000000000000000e+00 0.000000000000000000e+00
2.082119513943176054e-04 4.243133140000000111e-21 1.078465059999999967e-21 0.000000000000000000e+00 0.000000000000000000e+00
2.124266087164781720e-04 4.542097479999999994e-21 1.154451969999999943e-21 0.000000000000000000e+00 0.000000000000000000e+00
2.167265797597017654e-04 4.861688530000000116e-21 1.235681520000000046e-21 0.000000000000000000e+00 0.000000000000000000e+00
2.211135914570330307e-04 5.203296410000000080e-21 1.322507020000000074e-21 0.000000000000000000e+00 0.000000000000000000e+00
2.255894056983525145e-04 5.568402600000000310e-21 1.415305019999999981e-21 0.000000000000000000e+00 0.000000000000000000e+00
2.301558200379779599e-04 5.958562349999999685e-21 1.514470810000000092e-21 0.000000000000000000e+00 0.000000000000000000e+00
2.348149032313754270e-04 6.375477899999999774e-21 1.620437049999999991e-21 0.000000000000000000e+00 0.000000000000000000e+00
2.395680614657089136e-04 6.820941000000000106e-21 1.733659140000000092e-21 0.000000000000000000e+00 0.000000000000000000e+00
2.444174338367505151e-04 7.296860380000000275e-21 1.854622210000000105e-21 0.000000000000000000e+00 0.000000000000000000e+00
2.493649679253814671e-04 7.805269260000000425e-21 1.983843049999999888e-21 0.000000000000000000e+00 0.000000000000000000e+00
2.544126507357051515e-04 8.348300440000000506e-21 2.121863730000000096e-21 0.000000000000000000e+00 0.000000000000000000e+00
2.595625094930578431e-04 8.928323410000000216e-21 2.269286520000000068e-21 0.000000000000000000e+00 0.000000000000000000e+00
2.648166124581729564e-04 9.547763550000000443e-21 2.426727860000000063e-21 0.000000000000000000e+00 0.000000000000000000e+00
2.701770697578255724e-04 1.020923600000000046e-20 2.594852410000000155e-21 0.000000000000000000e+00 0.000000000000000000e+00
2.756460342322913145e-04 1.091552500000000013e-20 2.774367880000000010e-21 0.000000000000000000e+00 0.000000000000000000e+00
2.812257022999589836e-04 1.166959490000000018e-20 2.966027670000000115e-21 0.000000000000000000e+00 0.000000000000000000e+00
2.869183148394456313e-04 1.247464990000000059e-20 3.170646210000000009e-21 0.000000000000000000e+00 0.000000000000000000e+00
2.927261580895673047e-04 1.333400659999999968e-20 3.389066470000000213e-21 0.000000000000000000e+00 0.000000000000000000e+00
2.986518632192387487e-04 1.425124069999999885e-20 3.622197240000000069e-21 0.000000000000000000e+00 0.000000000000000000e+00
3.046972187027482807e-04 1.523015729999999871e-20 3.871005689999999729e-21 0.000000000000000000e+00 0.000000000000000000e+00
3.108649451720875119e-04 1.627486929999999944e-20 4.136537160000000093e-21 0.000000000000000000e+00 0.000000000000000000e+00
3.171575196789720957e-04 1.738969849999999859e-20 4.419890119999999766e-21 0.000000000000000000e+00 0.000000000000000000e+00
3.235774694159675993e-04 1.857917149999999916e-20 4.722215089999999903e-21 0.000000000000000000e+00 0.000000000000000000e+00
3.301273727314481287e-04 1.984816760000000015e-20 5.044752209999999974e-21 0.000000000000000000e+00 0.000000000000000000e+00
3.368098601650976035e-04 2.120195990000000048e-20 5.388841740000000212e-21 0.000000000000000000e+00 0.000000000000000000e+00
3.436276155043785255e-04 2.264608660000000013e-20 5.755891310000000074e-21 0.000000000000000000e+00 0.000000000000000000e+00
3.505833768623775821e-04 2.418643950000000092e-20 6.147398400000000315e-21 0.000000000000000000e+00 0.000000000000000000e+00
3.576799377774736379e-04 2.582928590000000076e-20 6.564955999999999873e-21 0.000000000000000000e+00 0.000000000000000000e+00
3.649201483352664021e-04 2.758118550000000091e-20 7.010231320000000575e-21 0.000000000000000000e+00 0.000000000000000000e+00
3.723069163132121926e-04 2.944932190000000097e-20 7.485050220000000280e-21 0.000000000000000000e+00 0.000000000000000000e+00
3.798432083484316489e-04 3.144135719999999825e-20 7.991360169999999553e-21 0.000000000000000000e+00 0.000000000000000000e+00
3.875324386614007171e-04 3.356507420000000262e-20 8.531139259999999760e-21 0.000000000000000000e+00 0.000000000000000000e+00
3.953769279870199813e-04 3.582925309999999701e-20 9.106619159999999904e-21 0.000000000000000000e+00 0.000000000000000000e+00
4.033802066335853546e-04 3.824269229999999796e-20 9.720036119999999973e-21 0.000000000000000000e+00 0.000000000000000000e+00
4.115454888381748859e-04 4.081547879999999761e-20 1.037395390000000032e-20 0.000000000000000000e+00 0.000000000000000000e+00
4.198760539009319115e-04 4.355741960000000299e-20 1.107086520000000013e-20 0.000000000000000000e+00 0.000000000000000000e+00
4.283752475020814830e-04 4.647974139999999715e-20 1.181362340000000036e-20 0.000000000000000000e+00 0.000000000000000000e+00
4.370464830456059183e-04 4.959387409999999964e-20 1.260513370000000074e-20 0.000000000000000000e+00 0.000000000000000000e+00
4.458932430301196779e-04 5.291234019999999797e-20 1.344857870000000046e-20 0.000000000000000000e+00 0.000000000000000000e+00
4.549190804474913599e-04 5.644805540000000476e-20 1.434724140000000112e-20 0.000000000000000000e+00 0.000000000000000000e+00
4.641276202097814239e-04 6.021517099999999661e-20 1.530471839999999970e-20 0.000000000000000000e+00 0.000000000000000000e+00
4.735225606050593198e-04 6.422852590000000002e-20 1.632478139999999922e-20 0.000000000000000000e+00 0.000000000000000000e+00
4.831076747826924312e-04 6.850389309999999432e-20 1.741143930000000107e-20 0.000000000000000000e+00 0.000000000000000000e+00
4.928873051557582053e-04 7.305803769999999930e-20 1.856895330000000023e-20 0.000000000000000000e+00 0.000000000000000000e+00
5.028644033759303161e-04 7.790877820000000478e-20 1.980185220000000067e-20 0.000000000000000000e+00 0.000000000000000000e+00
5.130434595038299789e-04 8.307505159999999651e-20 2.111494919999999941e-20 0.000000000000000000e+00 0.000000000000000000e+00
5.234285616014965796e-04 8.857698299999999629e-20 2.251335939999999989e-20 0.000000000000000000e+00 0.000000000000000000e+00
5.340238804821299205e-04 9.443632119999999888e-20 2.400261069999999953e-20 0.000000000000000000e+00 0.000000000000000000e+00
5.448336713851512428e-04 1.006754770000000038e-19 2.558839899999999884e-20 0.000000000000000000e+00 0.000000000000000000e+00
5.558622756851723480e-04 1.073186010000000027e-19 2.727686310000000052e-20 0.000000000000000000e+00 0.000000000000000000e+00
5.671141226355548874e-04 1.143917960000000027e-19 2.907463680000000006e-20 0.000000000000000000e+00 0.000000000000000000e+00
5.785937311472680224e-04 1.219224110000000025e-19 3.098867180000000197e-20 0.000000000000000000e+00 0.000000000000000000e+00
5.903057116037490780e-04 1.299395109999999897e-19 3.302635520000000119e-20 0.000000000000000000e+00 0.000000000000000000e+00
6.022547677125034702e-04 1.384739780000000080e-19 3.519553650000000244e-20 0.000000000000000000e+00 0.000000000000000000e+00
6.144456983941842029e-04 1.475580659999999984e-19 3.750441310000000027e-20 0.000000000000000000e+00 0.000000000000000000e+00
6.268840265936240826e-04 1.572277280000000035e-19 3.996212370000000097e-20 0.000000000000000000e+00 0.000000000000000000e+00
6.395735064007882159e-04 1.675194810000000010e-19 4.257794909999999806e-20 0.000000000000000000e+00 0.000000000000000000e+00
6.525198485476279469e-04 1.784726799999999884e-19 4.536189260000000111e-20 0.000000000000000000e+00 0.000000000000000000e+00
6.657282524798693478e-04 1.901298600000000083e-19 4.832476469999999747e-20 0.000000000000000000e+00 0.000000000000000000e+00
6.792040228911927231e-04 2.025355779999999910e-19 5.147789069999999999e-20 0.000000000000000000e+00 0.000000000000000000e+00
6.929525718536775182e-04 2.157363589999999928e-19 5.483309569999999949e-20 0.000000000000000000e+00 0.000000000000000000e+00
7.069794209913727798e-04 2.297832180000000082e-19 5.840334580000000591e-20 0.000000000000000000e+00 0.000000000000000000e+00
7.212902036978617202e-04 2.447295869999999922e-19 6.220222179999999833e-20 0.000000000000000000e+00 0.000000000000000000e+00
7.358906673987213607e-04 2.606322330000000033e-19 6.624415200000000121e-20 0.000000000000000000e+00 0.000000000000000000e+00
7.507866758597721507e-04 2.775525119999999908e-19 7.054473119999999453e-20 0.000000000000000000e+00 0.000000000000000000e+00
7.659842115420554013e-04 2.955535789999999997e-19 7.512001099999999849e-20 0.000000000000000000e+00 0.000000000000000000e+00
7.814893780044804847e-04 3.147035080000000010e-19 7.998729380000000336e-20 0.000000000000000000e+00 0.000000000000000000e+00
7.973084023551027305e-04 3.350758740000000044e-19 8.516528000000000294e-20 0.000000000000000000e+00 0.000000000000000000e+00
8.134484512000727825e-04 3.567477350000000144e-19 9.067355539999999407e-20 0.000000000000000000e+00 0.000000000000000000e+00
8.299143958689152948e-04 3.798009620000000108e-19 9.653292829999999836e-20 0.000000000000000000e+00 0.000000000000000000e+00
8.467136466414665243e-04 4.043225319999999871e-19 1.027655060000000039e-19 0.000000000000000000e+00 0.000000000000000000e+00
8.638529503495058189e-04 4.304064640000000230e-19 1.093951849999999909e-19 0.000000000000000000e+00 0.000000000000000000e+00
8.813391903951861344e-04 4.581495180000000069e-19 1.164465580000000047e-19 0.000000000000000000e+00 0.000000000000000000e+00
8.991793895155122431e-04 4.876578240000000251e-19 1.239466000000000017e-19 0.000000000000000000e+00 0.000000000000000000e+00
9.173807126027750487e-04 5.190406020000000442e-19 1.319230709999999959e-19 0.000000000000000000e+00 0.000000000000000000e+00
9.359504695820840010e-04 5.524197000000000158e-19 1.404069409999999972e-19 0.000000000000000000e+00 0.000000000000000000e+00
9.548961183471404643e-04 5.879187800000000102e-19 1.494296410000000090e-19 0.000000000000000000e+00 0.000000000000000000e+00
9.742252677554405450e-04 6.256711589999999722e-19 1.590250559999999920e-19 0.000000000000000000e+00 0.000000000000000000e+00
9.939456806841075881e-04 6.658209499999999924e-19 1.692298140000000112e-19 0.000000000000000000e+00 0.000000000000000000e+00
1.014065277147576782e-03 7.085164829999999799e-19 1.800816159999999949e-19 0.000000000000000000e+00 0.000000000000000000e+00
1.034593172071052603e-03 7.539232400000000195e-19 1.916225219999999961e-19 0.000000000000000000e+00 0.000000000000000000e+00
1.055535561107446771e-03 8.022091950000000094e-19 2.038952250000000049e-19 0.000000000000000000e+00 0.000000000000000000e+00
1.076901869100964490e-03 8.535554560000000408e-19 2.169457580000000098e-19 0.000000000000000000e+00 0.000000000000000000e+00
1.098700677082256345e-03 9.081578050000000818e-19 2.308238810000000218e-19 0.000000000000000000e+00 0.000000000000000000e+00
1.120940739780473165e-03 9.662177960000000115e-19 2.455808240000000189e-19 0.000000000000000000e+00 0.000000000000000000e+00
1.143630989139294641e-03 1.027960269999999959e-18 2.612737340000000128e-19 0.000000000000000000e+00 0.000000000000000000e+00
1.166780537904136454e-03 1.093617539999999962e-18 2.779616540000000088e-19 0.000000000000000000e+00 0.000000000000000000e+00
1.190398683281963842e-03 1.163428009999999995e-18 2.957051829999999873e-19 0.000000000000000000e+00 0.000000000000000000e+00
1.214494910675189112e-03 1.237666089999999954e-18 3.145740630000000088e-19 0.000000000000000000e+00 0.000000000000000000e+00
1.239078897491152371e-03 1.316606660000000020e-18 3.346381640000000101e-19 0.000000000000000000e+00 0.000000000000000000e+00
1.264160517028716131e-03 1.400546170000000068e-18 3.559728279999999947e-19 0.000000000000000000e+00 0.000000000000000000e+00
1.289749842443523985e-03 1.489805070000000005e-18 3.786595089999999924e-19 0.000000000000000000e+00 0.000000000000000000e+00
1.315857150793540119e-03 1.584713520000000051e-18 4.027821189999999793e-19 0.000000000000000000e+00 0.000000000000000000e+00
1.342494269660063659e-03 1.685639679999999978e-18 4.284342330000000233e-19 0.000000000000000000e+00 0.000000000000000000e+00
1.369669238559259161e-03 1.792964159999999990e-18 4.557125910000000458e-19 0.000000000000000000e+00 0.000000000000000000e+00
1.397394287225170667e-03 1.907084790000000105e-18 4.847183060000000404e-19 0.000000000000000000e+00 0.000000000000000000e+00
1.425680550454342397e-03 2.028437829999999859e-18 5.155622629999999814e-19 0.000000000000000000e+00 0.000000000000000000e+00
1.454539388435524116e-03 2.157488390000000189e-18 5.483626759999999966e-19 0.000000000000000000e+00 0.000000000000000000e+00
1.483982391312101872e-03 2.294715960000000159e-18 5.832414180000000446e-19 0.000000000000000000e+00 0.000000000000000000e+00
1.514021383836868049e-03 2.440655060000000147e-18 6.203343429999999539e-19 0.000000000000000000e+00 0.000000000000000000e+00
1.544668430121022258e-03 2.595849449999999980e-18 6.597796569999999816e-19 0.000000000000000000e+00 0.000000000000000000e+00
1.575935838479300627e-03 2.760895339999999841e-18 7.017289009999999881e-19 0.000000000000000000e+00 0.000000000000000000e+00
1.607836166373174426e-03 2.936418140000000064e-18 7.463410320000000462e-19 0.000000000000000000e+00 0.000000000000000000e+00
1.640382225454124028e-03 3.123094029999999863e-18 7.937879100000000028e-19 0.000000000000000000e+00 0.000000000000000000e+00
1.673587086708985512e-03 3.321620749999999991e-18 8.442468799999999814e-19 0.000000000000000000e+00 0.000000000000000000e+00
1.707465793174395979e-03 3.532775610000000119e-18 8.979155109999999111e-19 0.000000000000000000e+00 0.000000000000000000e+00
1.742028569995561667e-03 3.757363509999999731e-18 9.549983759999999760e-19 0.000000000000000000e+00 0.000000000000000000e+00
1.777290971691418680e-03 3.996226769999999779e-18 1.015709570000000077e-18 0.000000000000000000e+00 0.000000000000000000e+00
1.813267160172854064e-03 4.250318299999999796e-18 1.080291289999999914e-18 0.000000000000000000e+00 0.000000000000000000e+00
1.849971584018258617e-03 4.520581179999999971e-18 1.148983240000000019e-18 0.000000000000000000e+00 0.000000000000000000e+00
1.887418984276303339e-03 4.808096700000000086e-18 1.222060240000000096e-18 0.000000000000000000e+00 0.000000000000000000e+00
1.925624400386159252e-03 5.113935909999999808e-18 1.299794519999999965e-18 0.000000000000000000e+00 0.000000000000000000e+00
1.964603176217564508e-03 5.439288720000000068e-18 1.382488510000000071e-18 0.000000000000000000e+00 0.000000000000000000e+00
2.004370966233155228e-03 5.785444509999999779e-18 1.470469949999999989e-18 0.000000000000000000e+00 0.000000000000000000e+00
2.044943741775526007e-03 6.153719370000000270e-18 1.564073319999999964e-18 0.000000000000000000e+00 0.000000000000000000e+00
2.086337797481570538e-03 6.545555290000000263e-18 1.663665139999999961e-18 0.000000000000000000e+00 0.000000000000000000e+00
2.128569757826648083e-03 6.962491129999999584e-18 1.769636530000000145e-18 0.000000000000000000e+00 0.000000000000000000e+00
2.171656583801223183e-03 7.406144200000000358e-18 1.882398570000000034e-18 0.000000000000000000e+00 0.000000000000000000e+00
2.215617795339342149e-03 7.878236509999999975e-18 2.002388919999999947e-18 0.000000000000000000e+00 0.000000000000000000e+00
2.260466660650401610e-03 8.380686210000000248e-18 2.130095130000000141e-18 0.000000000000000000e+00 0.000000000000000000e+00
2.306223363370926271e-03 8.915400990000000734e-18 2.266002069999999890e-18 0.000000000000000000e+00 0.000000000000000000e+00
2.352906280080933367e-03 9.484497580000000195e-18 2.410647719999999853e-18 0.000000000000000000e+00 0.000000000000000000e+00
2.400534159341909200e-03 1.009026930000000035e-17 2.564614989999999928e-18 0.000000000000000000e+00 0.000000000000000000e+00
2.449126129226511257e-03 1.073509910000000012e-17 2.728509549999999963e-18 0.000000000000000000e+00 0.000000000000000000e+00
2.498701705000693114e-03 1.142156370000000030e-17 2.902986289999999982e-18 0.000000000000000000e+00 0.000000000000000000e+00
2.549280796961329518e-03 1.215237449999999949e-17 3.088734390000000172e-18 0.000000000000000000e+00 0.000000000000000000e+00
2.600883718432482356e-03 1.293050560000000068e-17 3.286509769999999829e-18 0.000000000000000000e+00 0.000000000000000000e+00
2.653531193923549733e-03 1.375900590000000025e-17 3.497087329999999988e-18 0.000000000000000000e+00 0.000000000000000000e+00
2.707244367452533388e-03 1.464125990000000144e-17 3.721327309999999877e-18 0.000000000000000000e+00 0.000000000000000000e+00
2.762044811037796341e-03 1.558084049999999904e-17 3.960137829999999757e-18 0.000000000000000000e+00 0.000000000000000000e+00
2.817957351317650593e-03 1.658151150000000049e-17 4.214475520000000364e-18 0.000000000000000000e+00 0.000000000000000000e+00
2.874998863607092659e-03 1.764734200000000114e-17 4.485374630000000228e-18 0.000000000000000000e+00 0.000000000000000000e+00
2.933195018681577972e-03 1.878274020000000077e-17 4.773955559999999651e-18 0.000000000000000000e+00 0.000000000000000000e+00
2.992569188992286709e-03 1.999229950000000055e-17 5.081385789999999744e-18 0.000000000000000000e+00 0.000000000000000000e+00
3.053145220099032480e-03 2.128098600000000014e-17 5.408927570000000199e-18 0.000000000000000000e+00 0.000000000000000000e+00
3.114947440247001903e-03 2.265410790000000058e-17 5.757930050000000198e-18 0.000000000000000000e+00 0.000000000000000000e+00
3.178000670137345624e-03 2.411741489999999923e-17 6.129854629999999970e-18 0.000000000000000000e+00 0.000000000000000000e+00
3.242330232895533453e-03 2.567690610000000143e-17 6.526226049999999826e-18 0.000000000000000000e+00 0.000000000000000000e+00
3.307961964241521585e-03 2.733906729999999847e-17 6.948692819999999911e-18 0.000000000000000000e+00 0.000000000000000000e+00
3.374922222865751713e-03 2.911092359999999710e-17 7.399040499999999945e-18 0.000000000000000000e+00 0.000000000000000000e+00
3.443237901015203887e-03 3.099990699999999909e-17 7.879158020000000663e-18 0.000000000000000000e+00 0.000000000000000000e+00
3.512936435293724166e-03 3.301386510000000174e-17 8.391040019999999770e-18 0.000000000000000000e+00 0.000000000000000000e+00
3.584045817680983799e-03 3.516149629999999748e-17 8.936897319999999969e-18 0.000000000000000000e+00 0.000000000000000000e+00
3.656598263370898494e-03 3.745191360000000098e-17 9.519046150000000466e-18 0.000000000000000000e+00 0.000000000000000000e+00
3.730615669872840417e-03 3.989486700000000094e-17 1.013996470000000041e-17 0.000000000000000000e+00 0.000000000000000000e+00
3.806131347738129448e-03 4.250091630000000276e-17 1.080233679999999950e-17 0.000000000000000000e+00 0.000000000000000000e+00
3.883175625198790303e-03 4.528111310000000190e-17 1.150897150000000021e-17 0.000000000000000000e+00 0.000000000000000000e+00
3.961779444395434856e-03 4.824769099999999920e-17 1.226297810000000052e-17 0.000000000000000000e+00 0.000000000000000000e+00
4.041974373804097312e-03 5.141348820000000201e-17 1.306761979999999990e-17 0.000000000000000000e+00 0.000000000000000000e+00
4.123792620914593435e-03 5.479240819999999820e-17 1.392643030000000056e-17 0.000000000000000000e+00 0.000000000000000000e+00
4.207267045165552499e-03 5.839919269999999878e-17 1.484315639999999974e-17 0.000000000000000000e+00 0.000000000000000000e+00
4.292431171141251542e-03 6.224998539999999899e-17 1.582190140000000015e-17 0.000000000000000000e+00 0.000000000000000000e+00
4.379319202035594424e-03 6.636175229999999615e-17 1.686697749999999912e-17 0.000000000000000000e+00 0.000000000000000000e+00
4.467966033388629833e-03 7.075286610000000204e-17 1.798305440000000047e-17 0.000000000000000000e+00 0.000000000000000000e+00
4.558407267101115094e-03 7.544303920000000321e-17 1.917514229999999975e-17 0.000000000000000000e+00 0.000000000000000000e+00
4.650683876414345684e-03 8.045342420000000199e-17 2.044861759999999953e-17 0.000000000000000000e+00 0.000000000000000000e+00
4.744823711911409607e-03 8.580695969999999473e-17 2.180931039999999981e-17 0.000000000000000000e+00 0.000000000000000000e+00
4.840869139975700550e-03 9.152805100000000607e-17 2.326342390000000076e-17 0.000000000000000000e+00 0.000000000000000000e+00
4.938858733895699384e-03 9.764262750000000271e-17 2.481754839999999889e-17 0.000000000000000000e+00 0.000000000000000000e+00
5.038831847766137365e-03 1.041793340000000004e-16 2.647896449999999869e-17 0.000000000000000000e+00 0.000000000000000000e+00
5.140828632293194429e-03 1.111681129999999946e-16 2.825528260000000297e-17 0.000000000000000000e+00 0.000000000000000000e+00
5.244890050919610858e-03 1.186423429999999983e-16 3.015498620000000166e-17 0.000000000000000000e+00 0.000000000000000000e+00
5.351057896276247873e-03 1.266363320000000075e-16 3.218679569999999803e-17 0.000000000000000000e+00 0.000000000000000000e+00
5.459374806966617137e-03 1.351886120000000022e-16 3.436050419999999719e-17 0.000000000000000000e+00 0.000000000000000000e+00
5.569884284691193135e-03 1.443399799999999982e-16 3.668648150000000175e-17 0.000000000000000000e+00 0.000000000000000000e+00
5.682630711718351935e-03 1.541335319999999970e-16 3.917568059999999708e-17 0.000000000000000000e+00 0.000000000000000000e+00
5.797659368708941129e-03 1.646171989999999923e-16 4.184028439999999783e-17 0.000000000000000000e+00 0.000000000000000000e+00
5.915016452901702623e-03 1.758417910000000065e-16 4.469320699999999694e-17 0.000000000000000000e+00 0.000000000000000000e+00
6.034755131418869864e-03 1.878624610000000053e-16 4.774846650000000306e-17 0.000000000000000000e+00 0.000000000000000000e+00
6.156911543343141467e-03 2.007381399999999986e-16 5.102104089999999798e-17 0.000000000000000000e+00 0.000000000000000000e+00
6.281540663546249584e-03 2.145327880000000080e-16 5.452718740000000086e-17 0.000000000000000000e+00 0.000000000000000000e+00
6.408692544957357573e-03 2.293153439999999773e-16 5.828442749999999901e-17 0.000000000000000000e+00 0.000000000000000000e+00
6.538418253684457823e-03 2.451601119999999936e-16 6.231164709999999957e-17 0.000000000000000000e+00 0.000000000000000000e+00
6.670769889523319590e-03 2.621478229999999876e-16 6.662936529999999445e-17 0.000000000000000000e+00 0.000000000000000000e+00
6.805800606881531011e-03 2.803656089999999900e-16 7.125972790000000588e-17 0.000000000000000000e+00 0.000000000000000000e+00
6.943564636126112015e-03 2.999061019999999782e-16 7.622627940000000049e-17 0.000000000000000000e+00 0.000000000000000000e+00
7.084117305363247727e-03 3.208720780000000061e-16 8.155514169999999660e-17 0.000000000000000000e+00 0.000000000000000000e+00
7.227515062658892292e-03 3.433723329999999806e-16 8.727396749999999922e-17 0.000000000000000000e+00 0.000000000000000000e+00
7.373815498709137065e-03 3.675258909999999987e-16 9.341300830000000248e-17 0.000000000000000000e+00 0.000000000000000000e+00
7.523077369969538054e-03 3.934604980000000067e-16 1.000047340000000010e-16 0.000000000000000000e+00 0.000000000000000000e+00
7.675368297617028365e-03 4.213169229999999829e-16 1.070849219999999979e-16 0.000000000000000000e+00 0.000000000000000000e+00
7.830734245533087570e-03 4.512436280000000093e-16 1.146913069999999974e-16 0.000000000000000000e+00 0.000000000000000000e+00
7.989245134100314907e-03 4.834060750000000164e-16 1.228659450000000031e-16 0.000000000000000000e+00 0.000000000000000000e+00
8.150964623675647711e-03 5.179791609999999614e-16 1.316532869999999944e-16 0.000000000000000000e+00 0.000000000000000000e+00
8.315957663238428277e-03 5.551553589999999603e-16 1.411022559999999983e-16 0.000000000000000000e+00 0.000000000000000000e+00
8.484290516474929031e-03 5.951431339999999517e-16 1.512658340000000063e-16 0.000000000000000000e+00 0.000000000000000000e+00
8.656030788390819963e-03 6.381682889999999671e-16 1.622014159999999895e-16 0.000000000000000000e+00 0.000000000000000000e+00
8.831247452462363118e-03 6.844754180000000276e-16 1.739711669999999968e-16 0.000000000000000000e+00 0.000000000000000000e+00
9.010010878337203905e-03 7.343309599999999681e-16 1.866428080000000088e-16 0.000000000000000000e+00 0.000000000000000000e+00
9.192392860095849327e-03 7.880253359999999796e-16 2.002901539999999984e-16 0.000000000000000000e+00 0.000000000000000000e+00
9.378466645085296177e-03 8.458719869999999548e-16 2.149928730000000042e-16 0.000000000000000000e+00 0.000000000000000000e+00
9.568306963336241019e-03 9.082142600000000418e-16 2.308382299999999932e-16 0.000000000000000000e+00 0.000000000000000000e+00
9.761990057575784321e-03 9.754249480000000378e-16 2.479209789999999947e-16 0.000000000000000000e+00 0.000000000000000000e+00
9.959603673446362077e-03 1.047910789999999959e-15 2.663444979999999938e-16 0.000000000000000000e+00 0.000000000000000000e+00
1.016120745395467616e-02 1.126111609999999977e-15 2.862205790000000186e-16 0.000000000000000000e+00 0.000000000000000000e+00
1.036689212820615311e-02 1.210509409999999930e-15 3.076717259999999831e-16 0.000000000000000000e+00 0.000000000000000000e+00
1.057674030225955360e-02 1.301630479999999925e-15 3.308317110000000013e-16 0.000000000000000000e+00 0.000000000000000000e+00
1.079083625429780660e-02 1.400047350000000025e-15 3.558460459999999960e-16 0.000000000000000000e+00 0.000000000000000000e+00
1.100926596847536312e-02 1.506385370000000054e-15 3.828736770000000157e-16 0.000000000000000000e+00 0.000000000000000000e+00
1.123211716945072582e-02 1.621327910000000041e-15 4.120882939999999983e-16 0.000000000000000000e+00 0.000000000000000000e+00
1.145947935761801491e-02 1.745621969999999994e-15 4.436797619999999771e-16 0.000000000000000000e+00 0.000000000000000000e+00
1.169144384505161477e-02 1.880084449999999962e-15 4.778557069999999629e-16 0.000000000000000000e+00 0.000000000000000000e+00
1.192810379217855259e-02 2.025605650000000185e-15 5.148424159999999791e-16 0.000000000000000000e+00 0.000000000000000000e+00
1.216955424519308021e-02 2.183162760000000055e-15 5.548882569999999883e-16 0.000000000000000000e+00 0.000000000000000000e+00
1.241589217422866057e-02 2.353828970000000018e-15 5.982660010000000068e-16 0.000000000000000000e+00 0.000000000000000000e+00
1.266722917952549030e-02 2.538775800000000172e-15 6.452734100000000085e-16 0.000000000000000000e+00 0.000000000000000000e+00
1.292364111868390952e-02 2.739286109999999898e-15 6.962365439999999608e-16 0.000000000000000000e+00 0.000000000000000000e+00
1.318524338649360896e-02 2.956773619999999863e-15 7.515147249999999953e-16 0.000000000000000000e+00 0.000000000000000000e+00
1.345214104635998262e-02 3.192783589999999931e-15 8.115007069999999837e-16 0.000000000000000000e+00 0.000000000000000000e+00
1.372444128839750595e-02 3.449019429999999889e-15 8.766274409999999951e-16 0.000000000000000000e+00 0.000000000000000000e+00
1.400225347247891459e-02 3.727344590000000296e-15 9.473685530000000727e-16 0.000000000000000000e+00 0.000000000000000000e+00
1.428568917215576779e-02 4.029819039999999852e-15 1.024247620000000062e-15 0.000000000000000000e+00 0.000000000000000000e+00
1.457486221946808526e-02 4.358704420000000394e-15 1.107839479999999967e-15 0.000000000000000000e+00 0.000000000000000000e+00
1.486988875066094784e-02 4.716495989999999955e-15 1.198778350000000027e-15 0.000000000000000000e+00 0.000000000000000000e+00
1.517088725282664426e-02 5.105928729999999954e-15 1.297759359999999927e-15 0.000000000000000000e+00 0.000000000000000000e+00
1.547797861149080925e-02 5.530033719999999774e-15 1.405552910000000000e-15 0.000000000000000000e+00 0.000000000000000000e+00
1.579128615916189360e-02 5.992143719999999704e-15 1.523006089999999985e-15 0.000000000000000000e+00 0.000000000000000000e+00
1.611093572486335321e-02 6.495953440000000343e-15 1.651057970000000022e-15 0.000000000000000000e+00 0.000000000000000000e+00
1.643707212173234691e-02 7.045536950000000251e-15 1.790744050000000045e-15 0.000000000000000000e+00 0.000000000000000000e+00
1.676979378304343377e-02 7.645395429999999982e-15 1.943208370000000171e-15 0.000000000000000000e+00 0.000000000000000000e+00
1.710925044576388013e-02 8.300520839999999287e-15 2.109719729999999944e-15 0.000000000000000000e+00 0.000000000000000000e+00
1.745557844079503179e-02 9.016413349999999509e-15 2.291676090000000109e-15 0.000000000000000000e+00 0.000000000000000000e+00
1.780891685866864069e-02 9.799202839999999843e-15 2.490635459999999810e-15 0.000000000000000000e+00 0.000000000000000000e+00
1.816940760540772595e-02 1.065568220000000002e-14 2.708324370000000197e-15 0.000000000000000000e+00 0.000000000000000000e+00
1.853719545951810349e-02 1.159335699999999927e-14 2.946650520000000170e-15 0.000000000000000000e+00 0.000000000000000000e+00
1.891242813013373214e-02 1.262060359999999936e-14 3.207742839999999820e-15 0.000000000000000000e+00 0.000000000000000000e+00
1.929525631633879565e-02 1.374671010000000046e-14 3.493962140000000088e-15 0.000000000000000000e+00 0.000000000000000000e+00
1.968583376769082044e-02 1.498203030000000015e-14 3.807939940000000116e-15 0.000000000000000000e+00 0.000000000000000000e+00
2.008431734596872673e-02 1.633806510000000093e-14 4.152599439999999775e-15 0.000000000000000000e+00 0.000000000000000000e+00
2.049086708817095953e-02 1.782765009999999849e-14 4.531203020000000195e-15 0.000000000000000000e+00 0.000000000000000000e+00
2.090566717644542355e-02 1.946509720000000041e-14 4.947388279999999632e-15 0.000000000000000000e+00 0.000000000000000000e+00
2.132884280421231196e-02 2.126638219999999867e-14 5.405215759999999875e-15 0.000000000000000000e+00 0.000000000000000000e+00
2.176058441604583268e-02 2.324933960000000090e-14 5.909218399999999701e-15 0.000000000000000000e+00 0.000000000000000000e+00
2.220106540587091226e-02 2.543393550000000010e-14 6.464470919999999740e-15 0.000000000000000000e+00 0.000000000000000000e+00
2.265046267747813577e-02 2.784250440000000149e-14 7.076650010000000318e-15 0.000000000000000000e+00 0.000000000000000000e+00
2.310895671557091149e-02 3.050005050000000294e-14 7.752110930000000286e-15 0.000000000000000000e+00 0.000000000000000000e+00
2.357673165825094341e-02 3.343467719999999971e-14 8.497996639999999458e-15 0.000000000000000000e+00 0.000000000000000000e+00
2.405397537097076280e-02 3.667783160000000035e-14 9.322299939999999262e-15 0.000000000000000000e+00 0.000000000000000000e+00
2.454087952198338515e-02 4.026489410000000262e-14 1.023401339999999941e-14 0.000000000000000000e+00 0.000000000000000000e+00
2.503763965931915525e-02 4.423564319999999813e-14 1.124324740000000030e-14 0.000000000000000000e+00 0.000000000000000000e+00
2.554445528932072426e-02 4.863488009999999876e-14 1.236138889999999969e-14 0.000000000000000000e+00 0.000000000000000000e+00
2.606152995676787321e-02 5.351302629999999845e-14 1.360125340000000006e-14 0.000000000000000000e+00 0.000000000000000000e+00
2.658907132662412243e-02 5.892703439999999859e-14 1.497731640000000003e-14 0.000000000000000000e+00 0.000000000000000000e+00
2.712731839474290599e-02 6.494109120000000444e-14 1.650589209999999852e-14 0.000000000000000000e+00 0.000000000000000000e+00
2.767643361285283127e-02 7.162789760000000615e-14 1.820545859999999927e-14 0.000000000000000000e+00 0.000000000000000000e+00
2.823666410296910359e-02 7.906955750000000490e-14 2.009688410000000013e-14 0.000000000000000000e+00 0.000000000000000000e+00
2.880823486208266768e-02 8.735922709999999675e-14 2.220384580000000123e-14 0.000000000000000000e+00 0.000000000000000000e+00
2.939137544160711629e-02 9.660236010000000092e-14 2.455314659999999846e-14 0.000000000000000000e+00 0.000000000000000000e+00
2.998632003956991365e-02 1.069188469999999996e-13 2.717525859999999921e-14 0.000000000000000000e+00 0.000000000000000000e+00
3.059330759466985170e-02 1.184447900000000067e-13 3.010477479999999784e-14 0.000000000000000000e+00 0.000000000000000000e+00
3.121258188223845903e-02 1.313352569999999881e-13 3.338110800000000134e-14 0.000000000000000000e+00 0.000000000000000000e+00
3.184439161214383529e-02 1.457666639999999886e-13 3.704909769999999890e-14 0.000000000000000000e+00 0.000000000000000000e+00
3.248899052867622317e-02 1.619403630000000062e-13 4.115992059999999997e-14 0.000000000000000000e+00 0.000000000000000000e+00
3.314663751245561230e-02 1.800862990000000093e-13 4.577202139999999917e-14 0.000000000000000000e+00 0.000000000000000000e+00
3.381759668440199873e-02 2.004673120000000074e-13 5.095220560000000048e-14 0.000000000000000000e+00 0.000000000000000000e+00
3.450217201396518774e-02 2.233843219999999952e-13 5.677695650000000095e-14 0.000000000000000000e+00 0.000000000000000000e+00
3.520057011712551115e-02 2.491822990000000008e-13 6.333395499999999476e-14 0.000000000000000000e+00 0.000000000000000000e+00
3.591310529867908219e-02 2.782570149999999811e-13 7.072379249999999619e-14 0.000000000000000000e+00 0.000000000000000000e+00
3.664006372347165807e-02 3.110635230000000176e-13 7.906212939999999489e-14 0.000000000000000000e+00 0.000000000000000000e+00
3.738173734894046502e-02 3.481254679999999848e-13 8.848205830000000378e-14 0.000000000000000000e+00 0.000000000000000000e+00
3.813842404236866823e-02 3.900461050000000023e-13 9.913690700000000241e-14 0.000000000000000000e+00 0.000000000000000000e+00
3.891042770051324207e-02 4.375217419999999895e-13 1.112036539999999942e-13 0.000000000000000000e+00 0.000000000000000000e+00
3.969805837165465978e-02 4.913568730000000150e-13 1.248867760000000109e-13 0.000000000000000000e+00 0.000000000000000000e+00
4.050163238011678102e-02 5.524827450000000140e-13 1.404229650000000116e-13 0.000000000000000000e+00 0.000000000000000000e+00
4.132147245330757002e-02 6.219782000000000124e-13 1.580864270000000042e-13 0.000000000000000000e+00 0.000000000000000000e+00
4.215790785133124996e-02 7.010956489999999555e-13 1.781954829999999997e-13 0.000000000000000000e+00 0.000000000000000000e+00
4.301127449922403229e-02 7.912908850000000402e-13 2.011201489999999974e-13 0.000000000000000000e+00 0.000000000000000000e+00
4.388191512186678800e-02 8.942586810000000224e-13 2.272911809999999919e-13 0.000000000000000000e+00 0.000000000000000000e+00
4.477022415183022630e-02 1.011974880000000009e-12 2.572107720000000090e-13 0.000000000000000000e+00 0.000000000000000000e+00
4.567646969524255529e-02 1.146747070000000021e-12 2.914654340000000209e-13 0.000000000000000000e+00 0.000000000000000000e+00
4.660105959588143471e-02 1.301274440000000026e-12 3.307412170000000142e-13 0.000000000000000000e+00 0.000000000000000000e+00
4.754436518295729330e-02 1.478719280000000012e-12 3.758418670000000155e-13 0.000000000000000000e+00 0.000000000000000000e+00
4.850676530218164806e-02 1.682792670000000028e-12 4.277106189999999980e-13 0.000000000000000000e+00 0.000000000000000000e+00
4.948864646791738264e-02 1.917857279999999953e-12 4.874563210000000502e-13 0.000000000000000000e+00 0.000000000000000000e+00
5.049040301840865275e-02 2.189050120000000077e-12 5.563846309999999532e-13 0.000000000000000000e+00 0.000000000000000000e+00
5.151243727415302093e-02 2.502431209999999841e-12 6.360358090000000000e-13 0.000000000000000000e+00 0.000000000000000000e+00
5.255515969947952004e-02 2.865161670000000198e-12 7.282299759999999719e-13 0.000000000000000000e+00 0.000000000000000000e+00
5.361898906739725329e-02 3.285718659999999972e-12 8.351217490000000119e-13 0.000000000000000000e+00 0.000000000000000000e+00
5.470435262778085284e-02 3.774157359999999915e-12 9.592668230000000593e-13 0.000000000000000000e+00 0.000000000000000000e+00
5.581168627896062467e-02 4.342425099999999702e-12 1.103701809999999947e-12 0.000000000000000000e+00 0.000000000000000000e+00
5.694149168424891133e-02 5.004745210000000199e-12 1.272041829999999986e-12 0.000000000000000000e+00 0.000000000000000000e+00
5.809410983731192607e-02 5.778084159999999607e-12 1.468599190000000080e-12 0.000000000000000000e+00 0.000000000000000000e+00
5.927005945865008313e-02 6.682719099999999908e-12 1.698527670000000062e-12 0.000000000000000000e+00 0.000000000000000000e+00
6.046981282731821866e-02 7.742933710000000613e-12 1.967999400000000154e-12 0.000000000000000000e+00 0.000000000000000000e+00
6.169385178231401312e-02 8.987868209999999604e-12 2.284420850000000161e-12 0.000000000000000000e+00 0.000000000000000000e+00
6.294266791609198775e-02 1.045256370000000016e-11 2.656698320000000180e-12 0.000000000000000000e+00 0.000000000000000000e+00
6.421676277199429850e-02 1.217924559999999931e-11 3.095564140000000077e-12 0.000000000000000000e+00 0.000000000000000000e+00
6.551664804567806921e-02 1.421890659999999929e-11 3.613978979999999972e-12 0.000000000000000000e+00 0.000000000000000000e+00
6.684284579062017839e-02 1.663326120000000044e-11 4.227628599999999829e-12 0.000000000000000000e+00 0.000000000000000000e+00
6.819588862778161453e-02 1.949716529999999912e-11 4.955538960000000395e-12 0.000000000000000000e+00 0.000000000000000000e+00
6.957631995951625570e-02 2.290162269999999945e-11 5.820840180000000008e-12 0.000000000000000000e+00 0.000000000000000000e+00
7.098469418780933848e-02 2.695751909999999910e-11 6.851715800000000211e-12 0.000000000000000000e+00 0.000000000000000000e+00
7.242157693693351828e-02 3.180028660000000006e-11 8.082588239999999504e-12 0.000000000000000000e+00 0.000000000000000000e+00
7.388761916819457098e-02 3.759572929999999817e-11 9.555599390000000169e-12 0.000000000000000000e+00 0.000000000000000000e+00
7.538326335700717973e-02 4.454732830000000283e-11 1.132246750000000049e-11 0.000000000000000000e+00 0.000000000000000000e+00
7.690918259818597946e-02 5.290541960000000033e-11 1.344681980000000054e-11 0.000000000000000000e+00 0.000000000000000000e+00
7.846598972384877246e-02 6.297875880000000590e-11 1.600713170000000004e-11 0.000000000000000000e+00 0.000000000000000000e+00
8.005430997115244030e-02 7.514912709999999721e-11 1.910043949999999905e-11 0.000000000000000000e+00 0.000000000000000000e+00
8.167478123339737273e-02 8.988983509999999778e-11 2.284704319999999978e-11 0.000000000000000000e+00 0.000000000000000000e+00
8.332805431621520542e-02 1.077892190000000049e-10 2.739647849999999995e-11 0.000000000000000000e+00 0.000000000000000000e+00
8.501479319894210407e-02 1.295805729999999947e-10 3.293512500000000159e-11 0.000000000000000000e+00 0.000000000000000000e+00
8.673567530128267755e-02 1.561803720000000053e-10 3.969592019999999966e-11 0.000000000000000000e+00 0.000000000000000000e+00
8.849139175537221180e-02 1.887372409999999897e-10 4.797080679999999739e-11 0.000000000000000000e+00 0.000000000000000000e+00
9.028264768334554047e-02 2.286948529999999911e-10 5.812671910000000002e-11 0.000000000000000000e+00 0.000000000000000000e+00
9.211016248052465716e-02 2.778729830000000151e-10 7.062618430000000356e-11 0.000000000000000000e+00 0.000000000000000000e+00
9.397476407905600015e-02 3.385722660000000030e-10 8.605394820000000065e-11 0.000000000000000000e+00 0.000000000000000000e+00
9.587701524606044579e-02 4.137099920000000071e-10 1.051514900000000007e-10 0.000000000000000000e+00 0.000000000000000000e+00
9.781777206442594796e-02 5.069967190000000323e-10 1.288619110000000060e-10 0.000000000000000000e+00 0.000000000000000000e+00
9.979781397128076326e-02 6.231666820000000153e-10 1.583884999999999954e-10 0.000000000000000000e+00 0.000000000000000000e+00
1.018179361812355382e-01 7.682793779999999983e-10 1.952713800000000096e-10 0.000000000000000000e+00 0.000000000000000000e+00
1.038789500057533677e-01 9.501155940000000005e-10 2.414881730000000095e-10 0.000000000000000000e+00 0.000000000000000000e+00
1.059816831789848757e-01 1.178699250000000044e-09 2.995866289999999826e-10 0.000000000000000000e+00 0.000000000000000000e+00
1.081269801901986738e-01 1.466987319999999970e-09 3.728599880000000114e-10 0.000000000000000000e+00 0.000000000000000000e+00
1.103157026229406729e-01 1.831785240000000033e-09 4.655796339999999920e-10 0.000000000000000000e+00 0.000000000000000000e+00
1.125487295010594718e-01 2.294965649999999840e-09 5.833048799999999653e-10 0.000000000000000000e+00 0.000000000000000000e+00
1.148269576417350335e-01 2.885097060000000029e-09 7.332968999999999847e-10 0.000000000000000000e+00 0.000000000000000000e+00
1.171513020156544349e-01 3.639628109999999825e-09 9.250739059999999583e-10 0.000000000000000000e+00 0.000000000000000000e+00
1.195228156372333955e-01 4.607827989999999731e-09 1.171158510000000101e-09 0.000000000000000000e+00 0.000000000000000000e+00
1.219422142678946719e-01 5.854759970000000233e-09 1.488087660000000099e-09 0.000000000000000000e+00 0.000000000000000000e+00
1.244105867258778059e-01 7.466671499999999469e-09 1.897782620000000128e-09 0.000000000000000000e+00 0.000000000000000000e+00
1.269289243466875106e-01 9.558335179999999931e-09 2.429414820000000161e-09 0.000000000000000000e+00 0.000000000000000000e+00
1.294982385325894325e-01 1.228308629999999926e-08 3.121957050000000136e-09 0.000000000000000000e+00 0.000000000000000000e+00
1.321195611588042995e-01 1.584660419999999912e-08 4.027686220000000300e-09 0.000000000000000000e+00 0.000000000000000000e+00
1.347939449879249074e-01 2.052591110000000108e-08 5.217012329999999791e-09 0.000000000000000000e+00 0.000000000000000000e+00
1.375224640927209807e-01 2.669567719999999930e-08 6.785164210000000109e-09 0.000000000000000000e+00 0.000000000000000000e+00
1.403062142875033946e-01 3.486479579999999928e-08 8.861485790000000242e-09 0.000000000000000000e+00 0.000000000000000000e+00
1.431463135682192744e-01 4.572746190000000309e-08 1.162241869999999924e-08 0.000000000000000000e+00 0.000000000000000000e+00
1.460439025614563846e-01 6.023482680000000076e-08 1.530971429999999937e-08 0.000000000000000000e+00 0.000000000000000000e+00
1.490001449825355540e-01 7.969596919999999787e-08 2.025609740000000080e-08 0.000000000000000000e+00 0.000000000000000000e+00
1.520162281028764051e-01 1.059208410000000049e-07 2.692159839999999884e-08 0.000000000000000000e+00 0.000000000000000000e+00
1.550935183202643286e-01 1.414235890000000010e-07 3.594523059999999932e-08 0.000000000000000000e+00 0.000000000000000000e+00
1.582329444109895900e-01 1.897131340000000091e-07 4.821884669999999896e-08 0.000000000000000000e+00 0.000000000000000000e+00
1.614359192320930225e-01 2.557105049999999837e-07 6.499321029999999759e-08 0.000000000000000000e+00 0.000000000000000000e+00
1.647037291464370778e-01 3.463511679999999764e-07 8.803108940000000130e-08 0.000000000000000000e+00 0.000000000000000000e+00
1.680376865556328092e-01 4.714587949999999842e-07 1.198293389999999928e-07 0.000000000000000000e+00 0.000000000000000000e+00
1.714391304271201399e-01 6.450193009999999937e-07 1.639427180000000104e-07 0.000000000000000000e+00 0.000000000000000000e+00
1.749094268319173473e-01 8.870482809999999505e-07 2.254585340000000110e-07 0.000000000000000000e+00 0.000000000000000000e+00
1.784499694932555613e-01 1.226342860000000060e-06 3.116960700000000031e-07 0.000000000000000000e+00 0.000000000000000000e+00
1.820621803463190747e-01 1.704558870000000042e-06 4.332428710000000188e-07 0.000000000000000000e+00 0.000000000000000000e+00
1.857475101093159220e-01 2.382285119999999853e-06 6.054986200000000388e-07 0.000000000000000000e+00 0.000000000000000000e+00
1.895074388661081854e-01 3.348143950000000157e-06 8.509882079999999835e-07 0.000000000000000000e+00 0.000000000000000000e+00
1.933434766606358102e-01 4.732504140000000200e-06 1.202847090000000086e-06 0.000000000000000000e+00 0.000000000000000000e+00
1.972573613606356802e-01 6.728264150000000209e-06 1.710103729999999919e-06 0.000000000000000000e+00 0.000000000000000000e+00
2.012502742402340616e-01 9.622538239999999576e-06 2.445733129999999837e-06 0.000000000000000000e+00 0.000000000000000000e+00
2.053240122568721071e-01 1.384525610000000066e-05 3.519009290000000134e-06 0.000000000000000000e+00 0.000000000000000000e+00
2.094802114850084218e-01 2.004416009999999913e-05 5.094567069999999659e-06 0.000000000000000000e+00 0.000000000000000000e+00
2.137205411167643343e-01 2.920125640000000050e-05 7.422000129999999672e-06 0.000000000000000000e+00 0.000000000000000000e+00
2.180467041322965982e-01 4.281476570000000096e-05 1.088210699999999952e-05 0.000000000000000000e+00 0.000000000000000000e+00
2.224604379837398782e-01 6.318521369999999617e-05 1.605960569999999944e-05 0.000000000000000000e+00 0.000000000000000000e+00
2.269635152929937727e-01 9.386811809999999750e-05 2.385819210000000111e-05 0.000000000000000000e+00 0.000000000000000000e+00
2.315577445636341769e-01 1.403948109999999963e-04 3.568374890000000101e-05 0.000000000000000000e+00 0.000000000000000000e+00
2.362449709072356741e-01 2.114273590000000091e-04 5.373788940000000231e-05 0.000000000000000000e+00 0.000000000000000000e+00
2.410270767843959994e-01 3.206201640000000256e-04 8.149111350000000343e-05 0.000000000000000000e+00 0.000000000000000000e+00
2.459059827607608661e-01 4.896375769999999862e-04 1.244497879999999961e-04 0.000000000000000000e+00 0.000000000000000000e+00
2.508836482783514676e-01 7.530699749999999896e-04 1.914056499999999925e-04 0.000000000000000000e+00 0.000000000000000000e+00
2.559623284047066183e-01 1.166474480000000060e-03 2.964794960000000155e-04 0.000000000000000000e+00 0.000000000000000000e+00
2.611435559681768992e-01 1.819556350000000071e-03 4.624714519999999804e-04 0.000000000000000000e+00 0.000000000000000000e+00
2.664296627114537408e-01 2.857767179999999921e-03 7.263505409999999624e-04 0.000000000000000000e+00 0.000000000000000000e+00
2.718227716145109607e-01 4.517518509999999578e-03 1.148204809999999907e-03 0.000000000000000000e+00 0.000000000000000000e+00
2.773250486309990492e-01 7.182879379999999869e-03 1.825651979999999954e-03 0.000000000000000000e+00 0.000000000000000000e+00
2.829387035581248377e-01 1.147456810000000056e-02 2.916458279999999993e-03 0.000000000000000000e+00 0.000000000000000000e+00
2.886659909241391930e-01 1.838293499999999955e-02 4.672338199999999907e-03 0.000000000000000000e+00 0.000000000000000000e+00
2.945092108937896747e-01 2.944828999999999850e-02 7.484787950000000231e-03 0.000000000000000000e+00 0.000000000000000000e+00
3.004707101921009760e-01 4.695719859999999968e-02 1.193497739999999953e-02 0.000000000000000000e+00 0.000000000000000000e+00
3.065528830468551846e-01 7.403295529999999458e-02 1.881674529999999984e-02 0.000000000000000000e+00 0.000000000000000000e+00
3.127581721501498380e-01 1.143375300000000067e-01 2.906084420000000154e-02 0.000000000000000000e+00 0.000000000000000000e+00
3.190890696394194093e-01 1.709809720000000088e-01 4.345774639999999689e-02 0.000000000000000000e+00 0.000000000000000000e+00
3.255484436465962417e-01 2.445454559999999944e-01 6.215542169999999783e-02 0.000000000000000000e+00 0.000000000000000000e+00
3.321382437159239309e-01 3.312540909999999728e-01 8.419390840000000320e-02 0.000000000000000000e+00 0.000000000000000000e+00
3.388614354994532452e-01 4.233237469999999725e-01 1.075949910000000009e-01 0.000000000000000000e+00 0.000000000000000000e+00
3.457207191321245987e-01 5.121765849999999620e-01 1.301784629999999943e-01 0.000000000000000000e+00 0.000000000000000000e+00
3.527188494054121493e-01 5.920809190000000388e-01 1.504875200000000135e-01 0.000000000000000000e+00 0.000000000000000000e+00
3.598586368736888530e-01 6.614009920000000209e-01 1.681064060000000138e-01 0.000000000000000000e+00 0.000000000000000000e+00
3.671429489829879933e-01 7.214536590000000249e-01 1.833698209999999884e-01 0.000000000000000000e+00 0.000000000000000000e+00
3.745747112226122666e-01 7.747444220000000437e-01 1.969145820000000047e-01 0.000000000000000000e+00 0.000000000000000000e+00
3.821569083000546652e-01 8.237698820000000088e-01 2.093752429999999887e-01 0.000000000000000000e+00 0.000000000000000000e+00
3.898925853397014474e-01 8.705255509999999530e-01 2.212589990000000117e-01 0.000000000000000000e+00 0.000000000000000000e+00
3.977848491058003089e-01 9.164376269999999769e-01 2.329283400000000115e-01 0.000000000000000000e+00 0.000000000000000000e+00
4.058368692501831410e-01 9.624617149999999954e-01 2.446261520000000134e-01 0.000000000000000000e+00 0.000000000000000000e+00
4.140518795852464740e-01 1.009212840000000000e+00 2.565087509999999793e-01 0.000000000000000000e+00 0.000000000000000000e+00
4.224336018160892436e-01 1.057076069999999923e+00 2.686740129999999893e-01 0.000000000000000000e+00 0.000000000000000000e+00
4.309845656829475180e-01 1.106287199999999915e+00 2.811818660000000025e-01 0.000000000000000000e+00 0.000000000000000000e+00
4.397086194336075615e-01 1.156987109999999985e+00 2.940681179999999895e-01 0.000000000000000000e+00 0.000000000000000000e+00
4.486092667792698219e-01 1.209256789999999970e+00 3.073533529999999958e-01 0.000000000000000000e+00 0.000000000000000000e+00
4.576900823537783936e-01 1.263139130000000110e+00 3.210484739999999726e-01 0.000000000000000000e+00 0.000000000000000000e+00
4.669547131492481351e-01 1.318652149999999912e+00 3.351580610000000071e-01 0.000000000000000000e+00 0.000000000000000000e+00
4.764068799807510968e-01 1.375796859999999899e+00 3.496823680000000212e-01 0.000000000000000000e+00 0.000000000000000000e+00
4.860503789806522312e-01 1.434561750000000080e+00 3.646184720000000268e-01 0.000000000000000000e+00 0.000000000000000000e+00
4.958890831231928531e-01 1.494925360000000092e+00 3.799609190000000081e-01 0.000000000000000000e+00 0.000000000000000000e+00
5.059269437799356339e-01 1.556857659999999921e+00 3.957020760000000137e-01 0.000000000000000000e+00 0.000000000000000000e+00
5.161679923066948561e-01 1.620320779999999905e+00 4.118323150000000044e-01 0.000000000000000000e+00 0.000000000000000000e+00
5.266163416625893046e-01 1.685269370000000100e+00 4.283401139999999940e-01 0.000000000000000000e+00 0.000000000000000000e+00
5.372767253383254893e-01 1.751650839999999931e+00 4.452121030000000257e-01 0.000000000000000000e+00 0.000000000000000000e+00
5.481523608112632839e-01 1.819405469999999969e+00 4.624331039999999837e-01 0.000000000000000000e+00 0.000000000000000000e+00
5.592481425167887821e-01 1.888466549999999966e+00 4.799861630000000212e-01 0.000000000000000000e+00 0.000000000000000000e+00
5.705685266877207340e-01 1.958760550000000045e+00 4.978525890000000120e-01 0.000000000000000000e+00 0.000000000000000000e+00
5.821180597606067098e-01 2.030207330000000088e+00 5.160120129999999916e-01 0.000000000000000000e+00 0.000000000000000000e+00
5.939013802016392951e-01 2.102720409999999873e+00 5.344424540000000112e-01 0.000000000000000000e+00 0.000000000000000000e+00
6.059232203695349428e-01 2.176207289999999794e+00 5.531204050000000372e-01 0.000000000000000000e+00 0.000000000000000000e+00
6.181884084161192172e-01 2.250569880000000023e+00 5.720209330000000092e-01 0.000000000000000000e+00 0.000000000000000000e+00
6.307018702253864850e-01 2.325704949999999993e+00 5.911178009999999983e-01 0.000000000000000000e+00 0.000000000000000000e+00
6.434686313918079881e-01 2.401504679999999947e+00 6.103836019999999696e-01 0.000000000000000000e+00 0.000000000000000000e+00
6.564938192386866600e-01 2.477857209999999810e+00 6.297899049999999832e-01 0.000000000000000000e+00 0.000000000000000000e+00
6.697826648773670399e-01 2.554647280000000187e+00 6.493074199999999685e-01 0.000000000000000000e+00 0.000000000000000000e+00
6.833405053081285097e-01 2.631756960000000145e+00 6.689061670000000515e-01 0.000000000000000000e+00 0.000000000000000000e+00
6.971734827367390697e-01 2.709066299999999927e+00 6.885556630000000400e-01 0.000000000000000000e+00 0.000000000000000000e+00
7.112857721810077472e-01 2.786454120000000145e+00 7.082251040000000497e-01 0.000000000000000000e+00 0.000000000000000000e+00
7.256837246894781712e-01 2.863798730000000070e+00 7.278835630000000112e-01 0.000000000000000000e+00 0.000000000000000000e+00
7.403731226964301859e-01 2.940978729999999874e+00 7.475001829999999847e-01 0.000000000000000000e+00 0.000000000000000000e+00
7.553598656850393223e-01 3.017873729999999810e+00 7.670443660000000330e-01 0.000000000000000000e+00 0.000000000000000000e+00
7.706499725566979819e-01 3.094365139999999847e+00 7.864859699999999787e-01 0.000000000000000000e+00 0.000000000000000000e+00
7.862495840482964793e-01 3.170336859999999923e+00 8.057954870000000325e-01 0.000000000000000000e+00 0.000000000000000000e+00
8.021649651984359419e-01 3.245676000000000005e+00 8.249442209999999776e-01 0.000000000000000000e+00 0.000000000000000000e+00
8.184025078635616124e-01 3.320273499999999878e+00 8.439044549999999978e-01 0.000000000000000000e+00 0.000000000000000000e+00
8.349687332850284083e-01 3.394024739999999873e+00 8.626495979999999619e-01 0.000000000000000000e+00 0.000000000000000000e+00
8.518702947081300270e-01 3.466830100000000137e+00 8.811543290000000139e-01 0.000000000000000000e+00 0.000000000000000000e+00
8.691139800541418658e-01 3.538595429999999986e+00 8.993947180000000374e-01 0.000000000000000000e+00 0.000000000000000000e+00
8.867076013536105972e-01 3.609232469999999804e+00 9.173483310000000168e-01 0.000000000000000000e+00 0.000000000000000000e+00
9.046564686478943962e-01 3.678659189999999857e+00 9.349943229999999605e-01 0.000000000000000000e+00 0.000000000000000000e+00
9.229686595864730059e-01 3.746800100000000189e+00 9.523135059999999763e-01 0.000000000000000000e+00 0.000000000000000000e+00
9.416515286206520452e-01 3.813586459999999789e+00 9.692884029999999651e-01 0.000000000000000000e+00 0.000000000000000000e+00
9.607125790716352087e-01 3.878956370000000042e+00 9.859032869999999615e-01 0.000000000000000000e+00 0.000000000000000000e+00
9.801594661439715361e-01 3.942854909999999879e+00 1.002144200000000041e+00 0.000000000000000000e+00 0.000000000000000000e+00
1.000000000000000000e+00 4.005234119999999898e+00 1.017998940000000019e+00 0.000000000000000000e+00 0.000000000000000000e+00
