===============================================================================================
PLANCK PR3 LOW-l TT: FORMAL χ² COMPARISON (asymmetric errors)
===============================================================================================
  l       Obs       DGF      ΛCDM    χ²_DGF   χ²_ΛCDM       Δχ²   Favours
-----------------------------------------------------------------------------------------------
  2     225.9     879.4     969.3    24.362    31.526    +7.164       DGF
  3     936.9     958.4     921.8     0.002     0.000    -0.002      ΛCDM
  4     692.2     978.0     875.5     0.944     0.388    -0.556      ΛCDM
  5    1501.7     974.3     840.7     0.208     0.327    +0.119       DGF
  6     557.6     963.0     816.9     4.060     1.661    -2.399      ΛCDM
  7    1152.6     950.1     801.8     0.091     0.273    +0.182       DGF
  8     615.8     937.8     793.5     2.813     0.857    -1.956      ΛCDM
  9     697.8     927.5     789.6     1.146     0.183    -0.963      ΛCDM
 10     803.7     919.5     789.7     0.247     0.001    -0.246      ΛCDM
 11     869.6     913.3     792.5     0.033     0.043    +0.010       DGF
 12     764.1     909.1     797.2     0.500     0.026    -0.474      ΛCDM
 13     599.0     907.0     803.9     3.771     1.669    -2.102      ΛCDM
 14     808.1     906.5     811.9     0.244     0.000    -0.243      ΛCDM
 15    1022.1     907.7     820.8     0.107     0.331    +0.224       DGF
 16     621.3     910.7     830.8     3.673     1.925    -1.748      ΛCDM
 17    1035.4     914.6     841.6     0.132     0.341    +0.208       DGF
 18     674.6     920.0     853.0     2.465     1.303    -1.162      ΛCDM
 19     951.6     926.8     865.2     0.007     0.088    +0.081       DGF
 20     659.9     934.5     877.6     3.596     2.260    -1.336      ΛCDM
 21     601.9     943.0     890.6     6.281     4.500    -1.782      ΛCDM
 22     605.3     952.5     904.1     6.950     5.147    -1.803      ΛCDM
 23     748.5     962.8     918.0     1.890     1.182    -0.707      ΛCDM
 24     850.5     973.7     932.1     0.492     0.216    -0.276      ΛCDM
 25     814.3     985.3     946.5     1.019     0.609    -0.410      ΛCDM
 26     823.8     997.4     961.3     1.115     0.700    -0.416      ΛCDM
 27    1004.0    1010.3     976.5     0.001     0.012    +0.011       DGF
 28    1149.9    1023.7     991.8     0.204     0.321    +0.116       DGF
 29     979.6    1037.4    1007.3     0.100     0.023    -0.077      ΛCDM
 30    1102.8    1051.4    1023.2     0.035     0.084    +0.049       DGF
-----------------------------------------------------------------------------------------------
TOT                                  66.490    55.998   -10.493      ΛCDM

  Total χ²_DGF  = 66.490  (χ²/dof = 2.293)
  Total χ²_ΛCDM = 55.998  (χ²/dof = 1.931)
  Δχ² (ΛCDM − DGF) = -10.493
  ΛCDM fits the Planck sky better at l=2-30
  Multipoles favouring DGF: 10/29, ΛCDM: 19/29
